70
16
20
21
15
76
16
17
13
27
24
50
20
35
19
25
72
20
22
19
11
30
32
18
16
66
15
16
21
20
45
16
12
23
19
85
24
18
34
22
48
13
14
22
21
91
14
14
22
13
72
15
19
12
20
20
22
22
25
11
16
39
27
18
50
82
16
22
45
30
179
50
15
15
15
19
47
74
18
30
54
82
14
26
15
104
32
26
10
23
45
13
34
17
12
38
41
69
23
56
79
18
11
23
20
45
18
21
20
11
21
28
22
18
22
43
27
16
18
11
97
22
16
22
15
71
16
8
19
14
27
24
72
22
26
25
29
22
18
16
111
11
26
22
16
117
22
28
28
20
13
51
24
11
30
181
17
15
12
16
28
65
94
38
21
11
73
27
17
22
64
23
27
16
24
22
110
28
22
23
20
54
14
92
20
54
36
16
16
13
84
15
18
14
25
23
106
27
21
21
20
36
17
19
23
53
16
14
14
21
41
13
28
18
13
29
32
70
32
18
31
15
28
16
18
37
14
30
15
11
34
141
31
18
35
24
21
26
9
19
74
22
13
17
17
24
115
17
28
30
57
21
15
23
21
11
24
33
19
22
22
64
19
22
19
191
33
18
23
12
39
14
18
12
17
47
19
11
23
23
56
17
16
23
13
26
11
15
15
20
38
24
67
44
28
47
11
14
20
14
