23
18
22
122
24
13
21
15
83
19
18
30
21
15
22
22
26
34
34
93
24
56
16
16
21
31
36
19
15
21
18
66
19
19
19
32
13
18
20
14
89
16
17
16
21
17
161
14
16
21
40
17
18
11
14
30
88
20
18
10
10
39
19
12
17
18
101
26
20
19
13
12
85
17
26
23
62
28
17
22
19
25
26
45
16
19
18
64
73
26
23
44
24
15
21
18
22
20
13
68
15
57
16
22
18
63
16
18
26
13
27
13
22
19
60
80
29
27
17
11
18
51
22
14
18
11
9
118
17
19
33
26
28
184
30
24
33
31
56
22
15
46
23
22
25
26
23
85
25
13
60
26
27
23
25
11
19
120
24
18
30
25
29
29
180
20
25
21
16
71
39
13
16
15
16
26
21
31
33
68
32
35
21
69
23
25
38
17
64
16
21
90
24
29
26
17
23
20
16
89
20
15
18
15
146
15
14
66
21
16
25
96
19
22
25
36
41
37
24
186
53
14
12
21
19
46
20
20
27
18
44
29
29
35
66
41
17
19
18
18
28
21
74
28
13
19
81
18
24
18
55
17
24
16
15
20
24
69
21
28
94
21
29
21
78
23
30
30
15
19
17
17
24
123
17
37
14
23
16
19
45
37
23
18
15
33
18
15
17
22
41
28
53
125
32
12
50
20
23
20
