19
18
33
105
15
11
16
15
85
21
18
13
19
36
24
152
26
37
29
31
14
12
17
219
29
20
17
61
16
16
10
14
10
22
102
29
15
18
13
87
20
18
18
15
83
19
23
24
83
33
28
14
83
13
24
16
16
15
46
16
20
19
16
339
24
15
29
12
96
23
14
21
16
16
38
74
22
15
23
18
101
25
36
16
30
22
32
25
52
31
12
18
91
49
14
123
21
18
23
24
36
16
64
15
17
16
21
29
66
16
80
14
21
21
14
17
18
12
73
17
14
22
86
28
14
17
23
15
304
11
109
26
35
21
25
18
24
16
124
18
18
10
12
92
11
23
19
20
77
20
32
18
21
122
18
11
21
17
23
36
240
34
34
20
27
60
22
65
29
21
23
14
16
13
88
133
27
23
18
27
372
30
16
25
22
77
19
10
18
23
26
25
29
24
102
129
19
22
22
16
95
27
29
22
22
19
19
12
18
11
14
11
83
12
24
333
26
21
32
33
18
11
24
114
28
18
16
19
85
18
79
24
32
36
33
30
16
16
20
106
14
10
30
323
23
17
13
21
84
24
19
18
18
18
121
48
23
30
24
24
23
13
24
140
29
30
22
20
12
83
19
22
18
53
23
34
23
22
26
252
23
18
82
28
30
18
14
15
16
57
96
36
57
34
28
14
16
45
17
34
