16
38
22
21
17
12
13
18
38
18
18
21
12
17
16
17
50
17
17
15
28
16
12
24
11
16
12
42
13
15
17
14
9
9
11
18
10
15
15
51
20
13
18
18
61
33
34
38
43
30
13
17
27
18
12
15
15
17
42
11
24
20
11
15
23
13
33
11
22
21
45
15
10
14
26
15
82
24
20
12
19
14
23
48
25
13
14
18
39
19
17
13
37
30
17
18
13
13
29
24
19
15
40
16
17
17
9
13
33
14
14
28
18
18
29
15
17
12
50
14
12
18
26
18
12
14
14
18
78
28
20
23
23
55
23
18
11
15
54
15
17
17
13
34
14
14
15
19
30
20
12
12
16
42
17
24
14
17
13
16
24
63
20
22
19
16
22
20
37
121
16
16
13
12
31
24
39
12
21
15
18
54
15
18
31
9
32
23
22
10
53
20
24
23
20
19
26
17
15
19
13
33
18
13
17
82
68
17
13
17
14
10
26
11
13
32
30
29
72
23
30
13
14
11
14
18
17
15
40
15
13
61
27
25
36
15
36
10
14
9
13
14
18
26
27
32
13
15
20
14
37
30
26
26
55
14
39
20
19
14
20
13
16
24
17
55
18
14
19
14
15
16
20
33
20
23
17
12
9
34
13
14
49
19
33
12
17
25
14
12
33
30
37
82
32
16
21
29
21
15
